1416646641 anteo-munt.

Τ6161 LXXVIII.

S. 1616616 de Ρ61666, 616416; mort 1616
166 434.

861641611616,66116, moine en Ρ61661166,
1 vol.

’1066 LXXIX.

86164611, 6661666 66 (1666466666616, 6616616166
au mont 81661, 61614 66 460.

116661666166, 6611666 11616616.
1 voI.

16166 LXXX - LXXXIV.

6666661414, &voque de (lyr, 66 Syrie, 66 66 606,
mort 66 466.
6 vol.

'Imm LXXXV.
1666116, 616666 66 66166616, 666611666116, 66 468.
numanus, 6666, en 66.
«1666 6361664116, 66111616, 66 460.
11666616, imperatrice, Auguste, 66 460.
1116666 66 Gau, 6611666616 66161166, 66 400.
1661161166, 616666 66 1114616116, 66 660.
4161666 66 0611666, 661116161616 166 495.
’1116611616 46 leuno, 616666661661146, 66 461.
6161666166, 616416 66 1661166 6616166666, 66468.
146616, 616666 66 Samosata, 66 460.
41666666, patriarche 66 06664661166616, 66411.
S. Qulnssen, 616666 6116661666, 66 466.
41666166 16661166, 66111616 61116666, 66 491.
6114166461, 616666 66666116, en 460.
1161616066, 166166616666660611666, 66 v· 616616.
6116641666, 616666 66 661646, 66 v· 616616.
1166416646, 616666 66 Beryto 66 11616616.

66666646, 66 v‘ 616616.
1 161.

Tonas LXXXVI, LXXXVI 416.

1116641166, 616416· 66 066666666616, 66 600.

1913 ⁴⁵⁰· «1666 61616666, 616116 6461166116, 66 660.

Theodoro, 166466166 1631166 66 066666666616,
66 666.

Ρ166666, 616416 66 Tyr, 66 610.

modom, 616666 66 6614666116, 66 664.
6116641166, 616416 66 4616661661, 66 635.
Ἰ116641666 ΙΙΙ, 6641161666 6616666666, 66 680.

1116666666, 661116166661161666116, 161616 millen 1 Ι
du v10 6666. '

1166666, 616666 6661666, 66 660.

S. 4116661166, 616666 66 16611616, 66 640.
1161611666, patriarche 66 0666466666616, 66 666. ¹ I
S. 16666, 616666 66 Ν111116, 66 518. ¹

S. Β616666666, 6666161646 6616 Ρ61664166,
66 660, 1

1111646646, 166166, 66 v1⁶ 616616.
6664161611, 6111661661, 66 6116566.
Amet, diacre 66 (16661661166616, 66 666.
1166666, 66 Β616666, avocat, 6616 moine, 66 610. ,
S. 1161116111,66411616116 6664166116, 66 646.
Paul Ι6 sumnam, 66 666.

S. 1164666166, 6646616666606664664166616.
1116511116 16 5661666666, 66 696. ,
S. Eulogo, 616161666666161666116, 66670 4 608. .
S. 8116666 16 «leuno, 66 696.

16666116, 6611161666 66 1616661661, 66 600.
1416116646, 6611161616 66 1616661661, 66 614.
soh, 166166, 66 61ο 66 1111616616.

Ε166114166,616666 6464166116, 66 Ρ161616, 6 16 116 - 2
66 11ο 616616. · ·

S. Ρ16116, 616666 66 [6661666616 66 66 66616616.. ’ ,a
2 voI. · ‘

 

